XGBoost Classifier Report

              precision    recall  f1-score   support

           0       0.75      0.84      0.79       363
           1       0.77      0.80      0.78       358
           2       0.62      0.64      0.63       358
           3       0.62      0.61      0.62       358
           4       0.72      0.63      0.67       359
           5       0.57      0.61      0.59       359
           6       0.62      0.59      0.61       358
           7       0.63      0.57      0.60       358
           8       0.71      0.72      0.72       358
           9       0.74      0.69      0.71       358
          10       0.81      0.82      0.81       493
          11       0.70      0.72      0.71       481
          12       0.71      0.65      0.68       475
          13       0.79      0.78      0.78       648
          14       0.77      0.87      0.82       864
          15       0.80      0.79      0.80       562
          16       0.74      0.90      0.81       648
          17       0.81      0.74      0.77       562
          18       0.79      0.67      0.73       562
          19       0.80      0.78      0.79       562
          20       0.70      0.67      0.68       556

    accuracy                           0.73     10000
   macro avg       0.72      0.72      0.72     10000
weighted avg       0.73      0.73      0.73     10000
