SVM³ (Cubic Kernel) Classification Report

              precision    recall  f1-score   support

           1       0.63      0.63      0.63       363
           2       0.63      0.56      0.59       358
           3       0.47      0.46      0.47       358
           4       0.53      0.39      0.45       358
           5       0.48      0.58      0.53       359
           6       0.41      0.43      0.42       359
           7       0.57      0.41      0.48       358
           8       0.58      0.37      0.45       358
           9       0.59      0.49      0.54       358
          10       0.61      0.47      0.53       358
          11       0.61      0.62      0.61       493
          12       0.56      0.53      0.54       481
          13       0.51      0.45      0.48       475
          14       0.57      0.70      0.63       648
          15       0.54      0.81      0.65       864
          16       0.73      0.62      0.67       562
          17       0.49      0.78      0.60       648
          18       0.72      0.63      0.67       562
          19       0.71      0.49      0.58       562
          20       0.72      0.58      0.64       562
          21       0.58      0.56      0.57       556

    accuracy                           0.58     10000
   macro avg       0.58      0.55      0.56     10000
weighted avg       0.59      0.58      0.57     10000
